# This is a file generated by defdap which contains definitions of slip lines drawn in grains by grainInspector
# [(x0, y0, x1, y1), angle, groupID]
# and groups of lines, defined by an average angle and identified sip plane
# [groupID, angle, [slip plane id], [angular deviation]

Grain 0
3 Lines
[[68.61, 3.86, 33.05, 60.37], 143.81, 0]
[[50.06, 8.01, 30.65, 41.39], 145.8, 0]
[[21.92, 2.77, 4.25, 30.92], 143.86, 0]
1 Groups
[0, 144.49, [2, 9], [2.79, -0.12], 0]

Grain 1
4 Lines
[[52.76, 63.54, 95.37, 102.6], 43.48, 0]
[[81.49, 3.83, 112.8, 31.59], 44.43, 0]
[[12.09, 91.3, 41.46, 118.1], 43.62, 0]
[[171.55, 31.26, 203.83, 60.32], 44.0, 0]
1 Groups
[0, 43.88, [1], [-2.21], 0]

Grain 2
1 Lines
[[19.98, 2.74, 32.56, 16.0], 39.48, 0]
1 Groups
[0, 39.48, [3], [-2.02], 0]

Grain 4
1 Lines
[[61.48, 3.5, 91.19, 20.5], 56.21, 0]
1 Groups
[0, 56.21, [0, 2, 8, 9], [-2.92, 0.42, -0.11, 1.21], 0]

Grain 10
1 Lines
[[72.16, 16.68, 94.75, 39.02], 41.3, 0]
1 Groups
[0, 41.3, [1], [-0.56], 0]

Grain 21
4 Lines
[[69.27, 66.25, 114.78, 129.97], 31.53, 0]
[[48.64, 87.49, 85.65, 139.68], 31.34, 0]
[[82.62, 59.57, 121.45, 113.58], 31.71, 0]
[[60.17, 80.81, 91.11, 124.5], 31.3, 0]
1 Groups
[0, 31.47, [1], [-0.94], 0]

Grain 24
1 Lines
[[60.57, 47.36, 38.41, 77.5], 139.66, 0]
1 Groups
[0, 139.66, [1], [4.43], 0]

Grain 25
2 Lines
[[16.35, 9.23, 63.28, 86.8], 27.16, 0]
[[76.9, 23.57, 94.89, 52.51], 27.86, 0]
1 Groups
[0, 27.51, [3], [0.37], 0]

Grain 31
2 Lines
[[81.5, 65.5, 107.0, 107.5], 27.25, 0]
[[96.5, 53.12, 120.88, 90.62], 29.01, 0]
1 Groups
[0, 28.13, [3], [-0.99], 0]

Grain 33
2 Lines
[[39.27, 18.18, 39.08, 27.98], 174.89, 0]
[[20.22, 52.13, 31.72, 37.6], 137.6, 1]
2 Groups
[0, 174.89, [3], [1.07], 0]
[1, 137.6, [], [], 0]

Grain 35
3 Lines
[[109.17, 68.23, 52.66, 139.5], 137.58, 0]
[[103.57, 174.12, 134.12, 135.43], 137.7, 0]
[[87.28, 147.65, 127.5, 98.77], 136.54, 0]
1 Groups
[0, 137.27, [1], [-0.23], 0]

Grain 36
2 Lines
[[71.68, 118.11, 115.73, 74.84], 130.48, 0]
[[77.09, 120.82, 116.5, 81.8], 130.71, 0]
1 Groups
[0, 130.59, [1], [1.09], 0]

Grain 37
2 Lines
[[110.67, 135.85, 62.43, 196.96], 137.7, 0]
[[64.36, 112.06, 94.59, 72.82], 138.38, 0]
1 Groups
[0, 138.04, [1], [1.7], 0]

Grain 39
4 Lines
[[27.66, 97.35, 41.15, 113.35], 36.12, 0]
[[28.29, 76.03, 53.38, 106.14], 35.79, 0]
[[34.88, 30.55, 54.32, 51.25], 39.2, 0]
[[60.91, 20.51, 75.02, 36.2], 37.98, 0]
1 Groups
[0, 37.27, [3], [-0.26], 0]

Grain 47
1 Lines
[[15.87, 30.43, 58.95, 62.83], 49.04, 0]
1 Groups
[0, 49.04, [7], [-1.65], 0]

Grain 48
2 Lines
[[60.49, 5.2, 43.64, 31.21], 143.06, 0]
[[76.34, 36.41, 52.56, 74.31], 143.88, 0]
1 Groups
[0, 143.47, [2], [-1.14], 0]

Grain 49
3 Lines
[[19.81, 48.28, 48.36, 83.7], 34.86, 0]
[[16.92, 58.76, 55.95, 106.1], 35.49, 0]
[[28.12, 40.33, 72.93, 93.45], 36.14, 0]
1 Groups
[0, 35.5, [1], [-1.31], 0]

Grain 54
1 Lines
[[153.68, 24.37, 107.86, 87.65], 140.08, 0]
1 Groups
[0, 140.08, [2, 8, 9], [0.14, -3.94, 2.99], 0]

Grain 55
4 Lines
[[133.59, 123.43, 100.95, 60.56], 23.43, 0]
[[82.81, 56.93, 105.78, 107.11], 20.59, 0]
[[124.52, 247.97, 140.85, 207.46], 154.04, 1]
[[198.28, 211.09, 210.97, 176.63], 155.76, 1]
2 Groups
[0, 22.01, [1], [-3.32], 0]
[1, 154.9, [3], [-1.22], 0]

Grain 56
3 Lines
[[135.0, 91.5, 76.0, 161.0], 135.66, 0]
[[60.5, 145.0, 112.5, 83.5], 135.77, 0]
[[92.0, 87.0, 44.5, 140.0], 134.12, 0]
1 Groups
[0, 135.18, [3], [1.9], 0]

Grain 68
2 Lines
[[140.12, 105.89, 105.03, 183.42], 151.64, 0]
[[124.27, 58.92, 102.77, 105.89], 151.39, 0]
1 Groups
[0, 151.51, [3], [-0.49], 0]

Grain 75
5 Lines
[[91.1, 23.54, 55.88, 90.25], 148.16, 0]
[[108.37, 55.71, 65.7, 129.88], 146.08, 0]
[[104.65, 94.66, 79.93, 135.29], 144.68, 0]
[[19.65, 47.25, 28.79, 68.58], 19.19, 1]
[[105.66, 71.97, 72.14, 131.57], 146.63, 0]
2 Groups
[0, 146.39, [1], [1.48], 0]
[1, 19.19, [3], [3.17], 0]

Grain 77
5 Lines
[[28.46, 20.85, 96.48, 105.09], 34.91, 0]
[[73.54, 18.09, 130.88, 89.27], 34.84, 0]
[[32.81, 105.48, 59.7, 139.89], 34.0, 0]
[[20.95, 51.3, 76.7, 121.7], 34.37, 0]
[[98.45, 164.4, 118.62, 106.67], 156.73, 1]
2 Groups
[0, 34.53, [3, 4], [-1.62, 2.81], 0]
[1, 156.73, [1], [-0.16], 0]

Grain 80
1 Lines
[[22.3, 56.3, 37.9, 37.3], 136.6, 0]
1 Groups
[0, 136.6, [2], [-0.44], 0]

Grain 81
2 Lines
[[53.97, 124.86, 82.18, 146.8], 48.11, 0]
[[49.5, 129.79, 93.37, 163.82], 48.2, 0]
1 Groups
[0, 48.16, [3, 4], [-4.62, 2.79], 0]

