# This is a file generated by defdap which contains definitions of slip lines drawn in grains by grainInspector
# [(x0, y0, x1, y1), angle, groupID]
# and groups of lines, defined by an average angle and identified sip plane
# [groupID, angle, [slip plane id], [angular deviation]

Grain 1
1 Lines
[[70.83, 1.51, 55.5, 25.78], 145.27, 0]
1 Groups
[0, 145.27, [1], [0.39], 0]

Grain 6
3 Lines
[[86.65, 161.85, 148.72, 86.75], 137.97, 0]
[[127.89, 19.9, 64.95, 94.13], 137.25, 0]
[[108.35, 2.54, 61.04, 55.93], 136.0, 0]
1 Groups
[0, 137.07, [2, 8, 9], [2.01, 2.95, 0.80], 0]

Grain 7
4 Lines
[[64.35, 110.49, 158.11, 188.04], 47.95, 0]
[[107.43, 105.43, 183.96, 168.78], 47.93, 0]
[[108.45, 69.44, 187.51, 135.83], 47.52, 0]
[[41.55, 10.14, 103.88, 65.39], 46.0, 0]
1 Groups
[0, 47.35, [3], [-0.51], 0]

Grain 9
2 Lines
[[3.23, 7.11, 41.07, 40.5], 46.11, 0]
[[50.58, 3.52, 61.15, 25.5], 23.22, 1]
2 Groups
[0, 46.11, [3], [-0.55], 0]
[1, 23.22, [], [], 0]

Grain 10
4 Lines
[[20.78, 38.55, 62.85, 70.24], 50.55, 0]
[[17.2, 49.49, 48.7, 73.82], 49.86, 0]
[[15.12, 62.13, 34.74, 77.03], 50.32, 0]
[[71.72, 47.98, 97.37, 33.83], 116.42, 1]
2 Groups
[0, 50.24, [3], [0.77], 0]
[1, 116.42, [2, 8, 9], [1.14, -4.01, 3.80], 0]

Grain 11
2 Lines
[[25.31, 16.72, 63.49, 47.91], 48.3, 0]
[[35.88, 12.11, 70.82, 38.7], 50.27, 0]
1 Groups
[0, 49.29, [3], [1.39], 0]

Grain 15
1 Lines
[[33.1, 81.73, 65.29, 37.64], 141.41, 0]
1 Groups
[0, 141.41, [1], [1.54], 0]

Grain 16
5 Lines
[[75.97, 100.05, 46.8, 75.0], 46.89, 0]
[[91.42, 87.35, 70.14, 66.08], 42.54, 0]
[[99.31, 67.45, 71.17, 41.37], 44.72, 0]
[[55.38, 122.7, 36.17, 106.57], 47.54, 0]
[[89.7, 33.48, 110.98, 54.75], 42.54, 0]
1 Groups
[0, 44.846, [1], [1.75], 0]

Grain 17
3 Lines
[[11.95, 53.23, 25.25, 14.9], 158.41, 0]
[[32.6, 64.43, 39.08, 48.85], 154.97, 0]
[[59.2, 64.78, 72.5, 30.65], 156.25, 0]
1 Groups
[0, 156.54, [1], [-0.88], -1.04]

Grain 18
2 Lines
[[17.67, 32.3, 40.42, 10.14], 131.79, 0]
[[24.02, 38.65, 45.74, 16.78], 132.74, 0]
1 Groups
[0, 132.27, [3, 5], [3.201, -2.31], 0]

Grain 19
1 Lines
[[70.57, 81.23, 146.5, 154.52], 43.56, 0]
1 Groups
[0, 43.56, [0, 2, 8, 9], [-1.38, 0.80, 0.30, 1.71], 0]

Grain 20
1 Lines
[[56.9, 231.45, 144.53, 101.45], 143.56, 0]
1 Groups
[0, 143.56, [2, 8, 9], [0.88, -2.72, 3.37], 0]

Grain 21
1 Lines
[[50.82, 26.66, 61.0, 53.83], 18.1, 0]
1 Groups
[0, 18.1, [3], [-0.26], 0]

Grain 22
1 Lines
[[42.36, 98.3, 66.82, 76.34], 129.45, 0]
1 Groups
[0, 129.45, [1], [2.27], 0]

Grain 23
4 Lines
[[71.82, 63.14, 86.02, 38.7], 147.37, 0]
[[33.75, 17.68, 22.95, 38.42], 150.04, 0]
[[116.99, 88.7, 106.76, 108.88], 150.66, 0]
[[39.72, 20.52, 63.3, 60.01], 28.39, 1]
2 Groups
[0, 149.36, [1], [1.13], 0]
[1, 28.39, [3, 5], [1.86, -3.45], 0]

Grain 27
3 Lines
[[204.39, 71.65, 145.77, 118.43], 126.14, 0]
[[237.65, 116.17, 135.63, 199.03], 126.63, 0]
[[248.35, 127.45, 147.46, 207.48], 125.97, 0]
1 Groups
[0, 126.25, [3, 5], [2.14, -3.71], 0]

Grain 28
3 Lines
[[92.3, 72.79, 94.15, 224.31], -1.76, 0]
[[128.02, 72.18, 133.56, 203.98], -0.05, 0]
[[146.5, 59.86, 147.11, 128.84], -1.94, 0]
1 Groups
[0, -1.25, [1], [-2.29], 0]

Grain 30
1 Lines
[[26.48, 35.21, 63.3, 58.78], 54.92, 0]
1 Groups
[0, 54.92, [], [], 0]

Grain 31
3 Lines
[[8.77, 84.26, 84.12, 126.65], 58.19, 0]
[[10.54, 144.89, 54.1, 170.79], 56.81, 0]
[[6.42, 208.47, 41.74, 186.69], 119.2, 1]
2 Groups
[0, 57.5, [1], [-0.24], 0]
[1, 119.2, [2, 8], [1.86, -0.84], 0]

Grain 32
3 Lines
[[83.6, 68.0, 60.65, 130.25], 157.3, 0]
[[77.34, 37.05, 65.17, 68.0], 156.08, 0]
[[58.56, 87.47, 44.31, 120.51], 154.2, 0]
1 Groups
[0, 155.86, [1, 4], [-0.36, -1.35], -1.15]

Grain 36
3 Lines
[[149.14, 19.99, 92.26, 153.81], 154.52, 0]
[[77.63, 37.14, 42.08, 120.77], 154.52, 0]
[[102.72, 62.65, 68.43, 139.59], 153.52, 0]
1 Groups
[0, 154.19, [1], [0.33], -0.81]

Grain 38
1 Lines
[[52.56, 56.77, 69.94, 26.61], 147.6, 0]
1 Groups
[0, 147.6, [4, 7], [0.47, 3.70], 0]

Grain 40
1 Lines
[[19.76, 26.88, 55.59, 54.25], 50.17, 0]
1 Groups
[0, 50.17, [3], [-1.67], 0]

Grain 41
1 Lines
[[41.48, 135.61, 67.39, 103.83], 138.36, 0]
1 Groups
[0, 138.36, [2, 8], [2.43, -4.97], 0]

Grain 42
1 Lines
[[140.65, 16.82, 108.63, 96.62], 155.68, 0]
1 Groups
[0, 155.68, [3], [-3.43], 0]

Grain 44
2 Lines
[[17.09, 27.15, 28.53, 64.91], 14.39, 0]
[[34.11, 71.3, 39.96, 88.85], 15.98, 0]
1 Groups
[0, 15.185, [7], [3.58], 2.01]

Grain 46
3 Lines
[[118.12, 51.35, 144.61, 101.24], 25.52, 0]
[[89.37, 89.12, 98.95, 107.44], 25.16, 0]
[[129.67, 51.64, 147.99, 89.96], 23.09, 0]
1 Groups
[0, 24.59, [1], [3.45], 0]

Grain 48
3 Lines
[[23.28, 30.23, 82.37, 138.95], 26.07, 0]
[[36.99, 96.88, 73.39, 163.06], 26.35, 0]
[[5.79, 115.32, 35.57, 67.57], 145.59, 1]
2 Groups
[0, 26.21, [0, 2, 8, 9], [3.77, 0.59, 0.84, 0.29], 0]
[1, 145.59, [1, 6, 7], [0.33, 4.62, -3.58], 0]

Grain 49
5 Lines
[[91.25, 61.4, 62.39, 113.21], 148.42, 0]
[[48.48, 52.35, 32.13, 77.39], 144.41, 0]
[[35.96, 12.71, 16.49, 49.57], 149.7, 0]
[[104.46, 89.21, 90.9, 114.6], 149.43, 0]
[[81.16, 42.97, 69.69, 61.05], 145.14, 0]
1 Groups
[0, 147.42, [3], [-4.93], -1.25]

Grain 51
3 Lines
[[181.27, 54.91, 201.03, 74.24], 43.17, 0]
[[28.78, 130.94, 59.28, 162.73], 41.36, 0]
[[194.58, 60.07, 209.19, 75.53], 40.91, 0]
1 Groups
[0, 41.81, [3], [-0.30], 0]

Grain 52
3 Lines
[[43.71, 57.78, 143.78, 183.74], 36.01, 0]
[[23.7, 84.26, 120.82, 205.52], 36.24, 0]
[[57.84, 46.59, 152.61, 165.5], 36.1, 0]
1 Groups
[0, 36.12, [1, 6, 7], [-0.86, 0.59, -2.34], 0.81]

Grain 54
3 Lines
[[28.83, 107.49, 104.08, 27.35], 134.34, 0]
[[75.25, 138.76, 175.42, 37.61], 132.82, 0]
[[87.47, 86.48, 160.27, 14.65], 132.16, 0]
1 Groups
[0, 133.11, [1, 7], [3.14, -2.64], 0]

Grain 55
3 Lines
[[42.3, 24.05, 86.27, 67.34], 42.99, 0]
[[30.02, 53.36, 66.84, 87.45], 44.75, 0]
[[64.11, 17.23, 119.0, 70.41], 43.45, 0]
1 Groups
[0, 43.73, [2, 9], [-0.48, -4.46], 0]

Grain 56
2 Lines
[[89.84, 67.04, 152.6, 154.79], 33.11, 0]
[[93.03, 37.26, 163.23, 130.86], 34.41, 0]
1 Groups
[0, 33.76, [2, 8, 9], [-0.30, 2.29, -3.49], 0]

Grain 59
2 Lines
[[24.15, 17.8, 41.25, 37.45], 38.57, 0]
[[19.95, 36.7, 32.7, 52.0], 37.35, 0]
1 Groups
[0, 37.96, [2], [4.20], 0]

Grain 60
2 Lines
[[41.64, 42.67, 62.73, 77.27], 28.91, 0]
[[96.01, 33.77, 118.09, 68.05], 30.33, 0]
1 Groups
[0, 29.62, [1], [-0.94], 0]

Grain 61
1 Lines
[[52.8, 75.53, 76.45, 46.6], 138.28, 0]
1 Groups
[0, 138.28, [4], [0.63], 0]

Grain 62
3 Lines
[[7.52, 142.97, 103.17, 49.6], 131.85, 0]
[[6.76, 95.9, 52.31, 52.64], 131.07, 0]
[[7.52, 270.5, 129.74, 152.08], 131.64, 0]
1 Groups
[0, 131.52, [3, 5], [2.23, -4.21], 0]

Grain 63
3 Lines
[[17.88, 65.88, 73.37, 118.75], 43.93, 0]
[[28.0, 52.75, 92.88, 113.12], 44.6, 0]
[[37.75, 42.62, 100.0, 98.88], 45.44, 0]
1 Groups
[0, 44.66, [0, 2, 8, 9], [-3.79, -0.75, -0.98, -0.48], 0]

Grain 64
1 Lines
[[32.41, 87.24, 45.63, 65.42], 146.33, 0]
1 Groups
[0, 146.33, [3], [-0.04], 0]

Grain 66
3 Lines
[[54.05, 105.75, 107.75, 64.02], 125.39, 0]
[[96.55, 118.11, 158.36, 69.43], 125.76, 0]
[[78.39, 106.52, 140.98, 57.07], 125.86, 0]
1 Groups
[0, 125.67, [2, 8, 9], [1.13, -0.83, 2.64], 0]

Grain 67
1 Lines
[[138.34, 53.2, 81.93, 140.14], 144.56, 0]
1 Groups
[0, 144.56, [2], [1.23], 0]

Grain 68
2 Lines
[[116.2, 161.88, 50.15, 116.28], 52.92, 0]
[[136.65, 88.75, 73.35, 42.36], 51.31, 0]
1 Groups
[0, 52.115, [1], [-1.50], 0]

Grain 69
2 Lines
[[34.43, 72.75, 77.16, 133.08], 32.85, 0]
[[75.36, 108.66, 34.43, 53.36], 34.05, 0]
1 Groups
[0, 33.45, [3, 4, 5], [-0.08, 2.93, -3.03], 0]

Grain 73
2 Lines
[[15.9, 21.3, 71.3, 63.5], 50.25, 0]
[[27.9, 19.9, 75.5, 55.5], 50.75, 0]
1 Groups
[0, 50.5, [3], [-0.43], 0]

Grain 75
5 Lines
[[35.12, 120.62, 93.25, 53.5], 136.65, 0]
[[72.62, 94.38, 121.75, 37.38], 136.79, 0]
[[158.5, 79.38, 117.62, 125.5], 136.0, 0]
[[59.87, 70.0, 31.0, 102.62], 136.03, 0]
[[170.12, 103.38, 139.38, 135.25], 133.57, 0]
1 Groups
[0, 135.808, [3], [4.40], 0]

Grain 76
1 Lines
[[76.3, 55.78, 49.16, 96.5], 143.85, 0]
1 Groups
[0, 143.85, [2], [-0.94], 0]

Grain 77
1 Lines
[[59.7, 31.95, 86.3, 16.48], 117.72, 0]
1 Groups
[0, 117.72, [3, 5], [3.08, -2.32], 0]

Grain 78
2 Lines
[[121.59, 101.61, 38.79, 43.03], 52.26, 0]
[[106.54, 109.79, 36.5, 59.39], 51.8, 0]
1 Groups
[0, 52.03, [3], [-0.20], 0]

Grain 79
2 Lines
[[30.55, 47.26, 52.28, 24.28], 134.15, 0]
[[43.66, 58.93, 70.59, 31.64], 132.92, 0]
1 Groups
[0, 133.535, [1, 7], [3.78, 0.05], 0]

Grain 81
1 Lines
[[39.3, 7.3, 63.5, 37.5], 36.25, 0]
1 Groups
[0, 36.25, [1, 6], [-2.76, 1.73], 0]

Grain 82
1 Lines
[[75.2, 62.05, 90.14, 37.46], 146.25, 0]
1 Groups
[0, 146.25, [3], [0.70], 0]

Grain 85
1 Lines
[[16.01, 56.5, 45.37, 86.3], 42.13, 0]
1 Groups
[0, 42.13, [1], [1.24], 0]

Grain 86
2 Lines
[[37.84, 55.41, 67.53, 14.6], 141.5, 0]
[[55.42, 46.78, 76.49, 20.07], 139.28, 0]
1 Groups
[0, 140.39, [3, 5], [2.29, -4.82], 0]

Grain 87
2 Lines
[[38.68, 23.58, 71.89, 48.49], 50.67, 0]
[[55.28, 17.2, 94.25, 46.79], 50.32, 0]
1 Groups
[0, 50.50, [3, 4, 5], [-0.94, 0.57, -2.40], 0]

Grain 90
2 Lines
[[159.42, 22.63, 174.65, 40.4], 38.14, 0]
[[204.48, 40.72, 183.22, 15.97], 38.21, 0]
1 Groups
[0, 38.175, [2, 8, 9], [0.38, 2.43, -1.24], 0]

